   1.5480000e+03  -5.1979000e+01
   1.5480100e+03  -4.7551000e+01
   1.5480200e+03  -4.7014000e+01
   1.5480300e+03  -5.4293000e+01
   1.5480400e+03  -4.9716000e+01
   1.5480500e+03  -4.8112000e+01
   1.5480600e+03  -4.7070000e+01
   1.5480700e+03  -4.4891000e+01
   1.5480800e+03  -5.0462000e+01
   1.5480900e+03  -5.2132000e+01
   1.5481000e+03  -4.9962000e+01
   1.5481100e+03  -5.0882000e+01
   1.5481200e+03  -5.0591000e+01
   1.5481300e+03  -5.4157000e+01
   1.5481400e+03  -5.3587000e+01
   1.5481500e+03  -5.6406000e+01
   1.5481600e+03  -5.3545000e+01
   1.5481700e+03  -5.2540000e+01
   1.5481800e+03  -5.3931000e+01
   1.5481900e+03  -5.7383000e+01
   1.5482000e+03  -5.9987000e+01
   1.5482100e+03  -5.9798000e+01
   1.5482200e+03  -4.9187000e+01
   1.5482300e+03  -4.8903000e+01
   1.5482400e+03  -5.7017000e+01
   1.5482500e+03  -5.5162000e+01
   1.5482600e+03  -5.1575000e+01
   1.5482700e+03  -5.4704000e+01
   1.5482800e+03  -5.3047000e+01
   1.5482900e+03  -5.5973000e+01
   1.5483000e+03  -5.0884000e+01
   1.5483100e+03  -4.9385000e+01
   1.5483200e+03  -5.0737000e+01
   1.5483300e+03  -5.3856000e+01
   1.5483400e+03  -5.4032000e+01
   1.5483500e+03  -5.2991000e+01
   1.5483600e+03  -5.0721000e+01
   1.5483700e+03  -5.5138000e+01
   1.5483800e+03  -5.3412000e+01
   1.5483900e+03  -5.4435000e+01
   1.5484000e+03  -5.0504000e+01
   1.5484100e+03  -4.6121000e+01
   1.5484200e+03  -5.0474000e+01
   1.5484300e+03  -4.8960000e+01
   1.5484400e+03  -5.7400000e+01
   1.5484500e+03  -4.8920000e+01
   1.5484600e+03  -5.0079000e+01
   1.5484700e+03  -5.3083000e+01
   1.5484800e+03  -5.1537000e+01
   1.5484900e+03  -5.0373000e+01
   1.5485000e+03  -5.1626000e+01
   1.5485100e+03  -5.5680000e+01
   1.5485200e+03  -5.0982000e+01
   1.5485300e+03  -5.1961000e+01
   1.5485400e+03  -5.1312000e+01
   1.5485500e+03  -5.3148000e+01
   1.5485600e+03  -5.2080000e+01
   1.5485700e+03  -5.5581000e+01
   1.5485800e+03  -4.7983000e+01
   1.5485900e+03  -5.3324000e+01
   1.5486000e+03  -5.5404000e+01
   1.5486100e+03  -5.6264000e+01
   1.5486200e+03  -5.2258000e+01
   1.5486300e+03  -5.1207000e+01
   1.5486400e+03  -5.6906000e+01
   1.5486500e+03  -5.5914000e+01
   1.5486600e+03  -5.3305000e+01
   1.5486700e+03  -5.1814000e+01
   1.5486800e+03  -5.1713000e+01
   1.5486900e+03  -5.1997000e+01
   1.5487000e+03  -5.1842000e+01
   1.5487100e+03  -5.3404000e+01
   1.5487200e+03  -5.0149000e+01
   1.5487300e+03  -4.6575000e+01
   1.5487400e+03  -4.7430000e+01
   1.5487500e+03  -4.8068000e+01
   1.5487600e+03  -4.8883000e+01
   1.5487700e+03  -4.5165000e+01
   1.5487800e+03  -4.7358000e+01
   1.5487900e+03  -4.8931000e+01
   1.5488000e+03  -4.5084000e+01
   1.5488100e+03  -4.2941000e+01
   1.5488200e+03  -4.6657000e+01
   1.5488300e+03  -4.6193000e+01
   1.5488400e+03  -5.0114000e+01
   1.5488500e+03  -4.4273000e+01
   1.5488600e+03  -4.8455000e+01
   1.5488700e+03  -5.0539000e+01
   1.5488800e+03  -5.3523000e+01
   1.5488900e+03  -4.7952000e+01
   1.5489000e+03  -4.8566000e+01
   1.5489100e+03  -5.0594000e+01
   1.5489200e+03  -4.8206000e+01
   1.5489300e+03  -5.3030000e+01
   1.5489400e+03  -4.6841000e+01
   1.5489500e+03  -5.3353000e+01
   1.5489600e+03  -4.9254000e+01
   1.5489700e+03  -4.5687000e+01
   1.5489800e+03  -4.3396000e+01
   1.5489900e+03  -4.7228000e+01
   1.5490000e+03  -4.8337000e+01
   1.5490100e+03  -4.7076000e+01
   1.5490200e+03  -4.5778000e+01
   1.5490300e+03  -4.3653000e+01
   1.5490400e+03  -4.8902000e+01
   1.5490500e+03  -4.6693000e+01
   1.5490600e+03  -4.7869000e+01
   1.5490700e+03  -4.6161000e+01
   1.5490800e+03  -4.7352000e+01
   1.5490900e+03  -5.0965000e+01
   1.5491000e+03  -5.1221000e+01
   1.5491100e+03  -5.0142000e+01
   1.5491200e+03  -4.6459000e+01
   1.5491300e+03  -4.7079000e+01
   1.5491400e+03  -4.9618000e+01
   1.5491500e+03  -5.0497000e+01
   1.5491600e+03  -4.7923000e+01
   1.5491700e+03  -4.6119000e+01
   1.5491800e+03  -4.1011000e+01
   1.5491900e+03  -3.6040000e+01
   1.5492000e+03  -3.1692000e+01
   1.5492100e+03  -2.8380000e+01
   1.5492200e+03  -2.4677000e+01
   1.5492300e+03  -2.1699000e+01
   1.5492400e+03  -1.8704000e+01
   1.5492500e+03  -1.6107000e+01
   1.5492600e+03  -1.3706000e+01
   1.5492700e+03  -1.1573000e+01
   1.5492800e+03  -9.4660000e+00
   1.5492900e+03  -7.5910000e+00
   1.5493000e+03  -6.0740000e+00
   1.5493100e+03  -4.6360000e+00
   1.5493200e+03  -3.3710000e+00
   1.5493300e+03  -2.3530000e+00
   1.5493400e+03  -1.4580000e+00
   1.5493500e+03  -6.2700000e-01
   1.5493600e+03  -5.2000000e-02
   1.5493700e+03   4.4700000e-01
   1.5493800e+03   7.5400000e-01
   1.5493900e+03   9.8300000e-01
   1.5494000e+03   1.1740000e+00
   1.5494100e+03   1.3170000e+00
   1.5494200e+03   1.3790000e+00
   1.5494300e+03   1.4250000e+00
   1.5494400e+03   1.4790000e+00
   1.5494500e+03   1.4810000e+00
   1.5494600e+03   1.4940000e+00
   1.5494700e+03   1.5040000e+00
   1.5494800e+03   1.5010000e+00
   1.5494900e+03   1.4830000e+00
   1.5495000e+03   1.4890000e+00
   1.5495100e+03   1.5080000e+00
   1.5495200e+03   1.5170000e+00
   1.5495300e+03   1.4800000e+00
   1.5495400e+03   1.4890000e+00
   1.5495500e+03   1.4790000e+00
   1.5495600e+03   1.5160000e+00
   1.5495700e+03   1.4830000e+00
   1.5495800e+03   1.5100000e+00
   1.5495900e+03   1.4860000e+00
   1.5496000e+03   1.5090000e+00
   1.5496100e+03   1.5000000e+00
   1.5496200e+03   1.5030000e+00
   1.5496300e+03   1.5120000e+00
   1.5496400e+03   1.5310000e+00
   1.5496500e+03   1.5260000e+00
   1.5496600e+03   1.5010000e+00
   1.5496700e+03   1.5440000e+00
   1.5496800e+03   1.5420000e+00
   1.5496900e+03   1.5320000e+00
   1.5497000e+03   1.5340000e+00
   1.5497100e+03   1.5100000e+00
   1.5497200e+03   1.5540000e+00
   1.5497300e+03   1.5270000e+00
   1.5497400e+03   1.5500000e+00
   1.5497500e+03   1.5090000e+00
   1.5497600e+03   1.5220000e+00
   1.5497700e+03   1.5030000e+00
   1.5497800e+03   1.5390000e+00
   1.5497900e+03   1.5220000e+00
   1.5498000e+03   1.5110000e+00
   1.5498100e+03   1.5160000e+00
   1.5498200e+03   1.5240000e+00
   1.5498300e+03   1.4900000e+00
   1.5498400e+03   1.5090000e+00
   1.5498500e+03   1.5240000e+00
   1.5498600e+03   1.5120000e+00
   1.5498700e+03   1.5120000e+00
   1.5498800e+03   1.5450000e+00
   1.5498900e+03   1.5450000e+00
   1.5499000e+03   1.5060000e+00
   1.5499100e+03   1.5030000e+00
   1.5499200e+03   1.5030000e+00
   1.5499300e+03   1.5090000e+00
   1.5499400e+03   1.4940000e+00
   1.5499500e+03   1.5210000e+00
   1.5499600e+03   1.5160000e+00
   1.5499700e+03   1.4930000e+00
   1.5499800e+03   1.5150000e+00
   1.5499900e+03   1.4970000e+00
   1.5500000e+03   1.5210000e+00
   1.5500100e+03   1.5300000e+00
   1.5500200e+03   1.4990000e+00
   1.5500300e+03   1.5080000e+00
   1.5500400e+03   1.5490000e+00
   1.5500500e+03   1.5280000e+00
   1.5500600e+03   1.5610000e+00
   1.5500700e+03   1.5390000e+00
   1.5500800e+03   1.5590000e+00
   1.5500900e+03   1.5300000e+00
   1.5501000e+03   1.5480000e+00
   1.5501100e+03   1.5240000e+00
   1.5501200e+03   1.5300000e+00
   1.5501300e+03   1.5450000e+00
   1.5501400e+03   1.5340000e+00
   1.5501500e+03   1.4990000e+00
   1.5501600e+03   1.5290000e+00
   1.5501700e+03   1.5290000e+00
   1.5501800e+03   1.4890000e+00
   1.5501900e+03   1.5010000e+00
   1.5502000e+03   1.4910000e+00
   1.5502100e+03   1.4690000e+00
   1.5502200e+03   1.4710000e+00
   1.5502300e+03   1.5000000e+00
   1.5502400e+03   1.4930000e+00
   1.5502500e+03   1.4680000e+00
   1.5502600e+03   1.4930000e+00
   1.5502700e+03   1.4930000e+00
   1.5502800e+03   1.4640000e+00
   1.5502900e+03   1.4750000e+00
   1.5503000e+03   1.4890000e+00
   1.5503100e+03   1.4940000e+00
   1.5503200e+03   1.4720000e+00
   1.5503300e+03   1.4550000e+00
   1.5503400e+03   1.4830000e+00
   1.5503500e+03   1.4450000e+00
   1.5503600e+03   1.4600000e+00
   1.5503700e+03   1.4390000e+00
   1.5503800e+03   1.4610000e+00
   1.5503900e+03   1.4390000e+00
   1.5504000e+03   1.4450000e+00
   1.5504100e+03   1.4720000e+00
   1.5504200e+03   1.4590000e+00
   1.5504300e+03   1.4460000e+00
   1.5504400e+03   1.4750000e+00
   1.5504500e+03   1.4510000e+00
   1.5504600e+03   1.4970000e+00
   1.5504700e+03   1.4590000e+00
   1.5504800e+03   1.4640000e+00
   1.5504900e+03   1.4640000e+00
   1.5505000e+03   1.4930000e+00
   1.5505100e+03   1.4900000e+00
   1.5505200e+03   1.4550000e+00
   1.5505300e+03   1.4730000e+00
   1.5505400e+03   1.4430000e+00
   1.5505500e+03   1.4670000e+00
   1.5505600e+03   1.4500000e+00
   1.5505700e+03   1.4560000e+00
   1.5505800e+03   1.4650000e+00
   1.5505900e+03   1.4360000e+00
   1.5506000e+03   1.4300000e+00
   1.5506100e+03   1.4460000e+00
   1.5506200e+03   1.4390000e+00
   1.5506300e+03   1.4220000e+00
   1.5506400e+03   1.4530000e+00
   1.5506500e+03   1.4580000e+00
   1.5506600e+03   1.4230000e+00
   1.5506700e+03   1.4520000e+00
   1.5506800e+03   1.4490000e+00
   1.5506900e+03   1.4190000e+00
   1.5507000e+03   1.4240000e+00
   1.5507100e+03   1.4410000e+00
   1.5507200e+03   1.4650000e+00
   1.5507300e+03   1.4490000e+00
   1.5507400e+03   1.4600000e+00
   1.5507500e+03   1.4030000e+00
   1.5507600e+03   1.3730000e+00
   1.5507700e+03   1.3340000e+00
   1.5507800e+03   1.2570000e+00
   1.5507900e+03   1.1230000e+00
   1.5508000e+03   1.0080000e+00
   1.5508100e+03   7.9100000e-01
   1.5508200e+03   5.8800000e-01
   1.5508300e+03   3.3600000e-01
   1.5508400e+03  -6.4000000e-02
   1.5508500e+03  -5.6300000e-01
   1.5508600e+03  -1.2990000e+00
   1.5508700e+03  -2.1780000e+00
   1.5508800e+03  -3.3240000e+00
   1.5508900e+03  -4.5440000e+00
   1.5509000e+03  -6.0220000e+00
   1.5509100e+03  -7.6320000e+00
   1.5509200e+03  -9.4870000e+00
   1.5509300e+03  -1.1397000e+01
   1.5509400e+03  -1.3519000e+01
   1.5509500e+03  -1.5670000e+01
   1.5509600e+03  -1.8119000e+01
   1.5509700e+03  -2.0022000e+01
   1.5509800e+03  -2.2468000e+01
   1.5509900e+03  -2.4933000e+01
   1.5510000e+03  -2.7371000e+01
   1.5510100e+03  -3.0287000e+01
   1.5510200e+03  -3.3526000e+01
   1.5510300e+03  -3.6433000e+01
   1.5510400e+03  -3.9507000e+01
   1.5510500e+03  -4.2294000e+01
   1.5510600e+03  -4.4925000e+01
   1.5510700e+03  -4.7522000e+01
   1.5510800e+03  -5.0703000e+01
   1.5510900e+03  -5.1489000e+01
   1.5511000e+03  -5.3446000e+01
   1.5511100e+03  -4.7029000e+01
   1.5511200e+03  -4.2801000e+01
   1.5511300e+03  -4.8893000e+01
   1.5511400e+03  -4.6308000e+01
   1.5511500e+03  -4.4624000e+01
   1.5511600e+03  -4.3582000e+01
   1.5511700e+03  -5.0004000e+01
   1.5511800e+03  -5.0261000e+01
   1.5511900e+03  -4.8105000e+01
   1.5512000e+03  -4.5725000e+01
   1.5512100e+03  -5.0545000e+01
   1.5512200e+03  -5.0300000e+01
   1.5512300e+03  -5.3010000e+01
   1.5512400e+03  -4.9607000e+01
   1.5512500e+03  -4.8000000e+01
   1.5512600e+03  -5.5350000e+01
   1.5512700e+03  -5.2998000e+01
   1.5512800e+03  -5.0389000e+01
   1.5512900e+03  -4.8274000e+01
   1.5513000e+03  -5.3417000e+01
   1.5513100e+03  -5.5327000e+01
   1.5513200e+03  -5.7887000e+01
   1.5513300e+03  -4.9552000e+01
   1.5513400e+03  -5.0406000e+01
   1.5513500e+03  -5.4480000e+01
   1.5513600e+03  -5.4396000e+01
   1.5513700e+03  -4.8070000e+01
   1.5513800e+03  -5.0048000e+01
   1.5513900e+03  -5.6856000e+01
   1.5514000e+03  -5.5482000e+01
   1.5514100e+03  -5.4120000e+01
   1.5514200e+03  -5.1873000e+01
   1.5514300e+03  -5.3922000e+01
   1.5514400e+03  -5.1608000e+01
   1.5514500e+03  -5.7136000e+01
   1.5514600e+03  -5.1710000e+01
   1.5514700e+03  -4.8646000e+01
   1.5514800e+03  -5.0753000e+01
   1.5514900e+03  -5.4533000e+01
   1.5515000e+03  -5.4246000e+01
   1.5515100e+03  -5.1029000e+01
   1.5515200e+03  -5.2381000e+01
   1.5515300e+03  -5.4040000e+01
   1.5515400e+03  -5.3367000e+01
   1.5515500e+03  -4.7812000e+01
   1.5515600e+03  -5.1880000e+01
   1.5515700e+03  -4.9407000e+01
   1.5515800e+03  -5.0273000e+01
   1.5515900e+03  -5.0283000e+01
   1.5516000e+03  -5.1168000e+01
   1.5516100e+03  -5.4391000e+01
   1.5516200e+03  -5.7146000e+01
   1.5516300e+03  -5.4162000e+01
   1.5516400e+03  -5.0598000e+01
   1.5516500e+03  -5.0246000e+01
   1.5516600e+03  -5.2429000e+01
   1.5516700e+03  -5.2124000e+01
   1.5516800e+03  -5.1688000e+01
   1.5516900e+03  -5.1635000e+01
   1.5517000e+03  -5.3682000e+01
   1.5517100e+03  -5.5904000e+01
   1.5517200e+03  -6.1095000e+01
   1.5517300e+03  -5.4468000e+01
   1.5517400e+03  -4.8166000e+01
   1.5517500e+03  -5.5475000e+01
   1.5517600e+03  -6.1307000e+01
   1.5517700e+03  -5.3206000e+01
   1.5517800e+03  -4.9084000e+01
   1.5517900e+03  -5.0275000e+01
   1.5518000e+03  -5.6888000e+01
   1.5518100e+03  -5.5199000e+01
   1.5518200e+03  -5.2707000e+01
   1.5518300e+03  -4.9186000e+01
   1.5518400e+03  -5.3009000e+01
   1.5518500e+03  -5.3164000e+01
   1.5518600e+03  -5.4776000e+01
   1.5518700e+03  -5.4162000e+01
   1.5518800e+03  -4.8861000e+01
   1.5518900e+03  -4.8478000e+01
   1.5519000e+03  -5.2927000e+01
   1.5519100e+03  -4.8058000e+01
   1.5519200e+03  -5.3809000e+01
   1.5519300e+03  -4.6976000e+01
   1.5519400e+03  -4.9359000e+01
   1.5519500e+03  -5.0067000e+01
   1.5519600e+03  -5.8234000e+01
   1.5519700e+03  -4.8058000e+01
   1.5519800e+03  -5.3906000e+01
   1.5519900e+03  -5.7820000e+01
   1.5520000e+03  -5.5522000e+01
